          1         2         3         4         5         6         7         8         9 
x0123456789012345678901234567890123456789012345678901234567890123456789012345678901234567890123456789
0          @                 kk5555555555555555555555555555555555555555555555555555555555555555555555
15555555555j        j        kk     5555555555       555555555555555555555555555555555555555555555555
25555555555j        j        kk5555555555555555555555555555555555555555555555555555555555555555555555
35555555555j  ^     j        kk55   55555555555555555555555555555         555555555555555555555555555
45555555555j$  2@      2     kk55555555555555555555555555555555555552  555555555555555555555555555555
55555555555nl   2   jj   2             5555555555555555555555555555   5555555555555555555555555555555
655555555555j~~~~2~~222222222225555555 5555555555555555555555555    555555555555555555555555555555555
75555555555n222555555555555555555555555      55555555555555555555555555555555555555555555555555555555
855555555555555555                      5555555555555555555555555555555555555555555555555555555555555
955555555555555555555555555  555555555555555555555555555555555555555555555555555555555555555555555555
0555555555555555555555555555  55555555555555555555555555555555555555555555555555555555555555555555555
15555555555555555555555555555555555555555555555555555555555555555555555555555555555555555555555555555
25555555555555555555555555555555555555555555555555555555555555555555555555555555555555555555555555555
35555555555555555555555555555555555555555555555555555555555555555555555555555555555555555555555555555
45555555555555555555555555555555555555555555555555555555555555555555555555555555555555555555555555555
55555555555555555555555555555555555555555555555555555555555555555555555555555555555555555555555555555
65555555555555555555555555555555555555555555555555555555555555555555555555555555555555555555555555555
75555555555555555555555555555555555555555555555555555555555555555555555555555555555555555555555555555
85555555555555555555555555555555555555555555555555555555555555555555555555555555555555555555555555555
95555555555555555555555555555555555555555555555555555555555555555555555555555555555555555555555555555
05555555555555555555555555555555555555555555555555555555555555555555555555555555555555555555555555555
15555555555555555555555555555555555555555555555555555555555555555555555555555555555555555555555555555
25555555555555555555555555555555555555555555555555555555555555555555555555555555555555555555555555555
35555555555555555555555555555555555555555555555555555555555555555555555555555555555555555555555555555
45555555555555555555555555555555555555555555555555555555555555555555555555555555555555555555555555555
55555555555555555555555555555555555555555555555555555555555555555555555555555555555555555555555555555
65555555555555555555555555555555555555555555555555555555555555555555555555555555555555555555555555555
75555555555555555555555555555555555555555555555555555555555555555555555555555555555555555555555555555
85555555555555555555555555555555555555555555555555555555555555555555555555555555555555555555555555555
95555555555555555555555555555555555555555555555555555555555555555555555555555555555555555555555555555
05555555555555555555555555555555555555555555555555555555555555555555555555555555555555555555555555555